0.95025712 -0.28531796 0.12492024 -0.09591650
-0.28986716 -0.95686809 0.01950596 0.24499900
0.11396680 -0.05474596 -0.99197502 0.24490000
0.00000000 0.00000000 0.00000000 1.00000000

0.73889901 -0.65904108 -0.14033215 -0.05117790
-0.66040160 -0.74965915 0.04336916 0.30118200
-0.13378334 0.06063015 -0.98915419 0.24171400
0.00000000 0.00000000 0.00000000 1.00000000

0.97354983 0.19270852 -0.12273608 -0.04797430
0.18670790 -0.98065686 -0.05875605 0.26303500
-0.13168477 0.03428615 -0.99069853 0.23839900
0.00000000 0.00000000 0.00000000 1.00000000

-0.07040107 -0.99250241 -0.09991326 -0.04143490
-0.99499266 0.06274593 0.07779813 0.31163800
-0.07094569 0.10489003 -0.99194999 0.24550200
0.00000000 0.00000000 0.00000000 1.00000000

0.14474206 -0.97942201 -0.14064942 -0.08649380
-0.97061490 -0.16815934 0.17213122 0.24886200
-0.19224062 0.11160179 -0.97498133 0.29860100
0.00000000 0.00000000 0.00000000 1.00000000

-0.25352442 -0.90525846 -0.34092886 0.05677530
-0.96581748 0.21719100 0.14150851 0.32452000
-0.05405509 0.36515091 -0.92937767 0.23425200
0.00000000 0.00000000 0.00000000 1.00000000

0.77993729 -0.60487430 0.16070130 -0.14094800
-0.62450618 -0.76902553 0.13635159 0.27688400
0.04110783 -0.20670464 -0.97753943 0.25533400
0.00000000 0.00000000 0.00000000 1.00000000

0.00702028 -0.95349945 0.30131298 -0.09741640
-0.96447026 0.07312381 0.25387011 0.31664900
-0.26409817 -0.29238965 -0.91910851 0.27813300
0.00000000 0.00000000 0.00000000 1.00000000

-0.29842250 -0.94146619 0.15679741 -0.05039050
-0.95308361 0.30268700 0.00349486 0.37430100
-0.05075083 -0.14839809 -0.98762460 0.20875700
0.00000000 0.00000000 0.00000000 1.00000000

-0.74168712 -0.63424318 0.21825628 -0.03648250
-0.63293109 0.76949754 0.08527468 0.31091900
-0.22203256 -0.07489406 -0.97215864 0.18981100
0.00000000 0.00000000 0.00000000 1.00000000

-0.89049554 -0.44740265 0.08275601 -0.01077590
-0.43108461 0.88781440 0.16109514 0.31681300
-0.14554637 0.10777966 -0.98346317 0.23633000
0.00000000 0.00000000 0.00000000 1.00000000

-0.91204017 0.38057927 0.15278138 0.01190460
0.39464304 0.91580255 0.07458264 0.29588200
-0.11153297 0.12831647 -0.98544167 0.22761000
0.00000000 0.00000000 0.00000000 1.00000000

0.28158916 -0.87590351 0.39179150 -0.13738900
-0.91961992 -0.12981129 0.37074012 0.27996900
-0.27387361 -0.46469567 -0.84205177 0.23229100
0.00000000 0.00000000 0.00000000 1.00000000

-0.61141566 -0.78610680 0.09059245 0.01733270
-0.78474319 0.61707337 0.05829728 0.32198800
-0.10173008 -0.03544793 -0.99418028 0.17572000
0.00000000 0.00000000 0.00000000 1.00000000

-0.33151733 -0.92960009 0.16105877 -0.05985720
-0.90962921 0.36023961 0.20688674 0.31040900
-0.25034168 -0.07791723 -0.96501707 0.22710700
0.00000000 0.00000000 0.00000000 1.00000000

